c Basic Line Mesh
c 10 x 10 vertices, degree d, range [0,10]
p max 102 499
n 1 s
n 102 t
a 1 11 10000
a 1 10 10000
a 1 9 10000
a 1 8 10000
a 1 7 10000
a 1 6 10000
a 1 5 10000
a 1 4 10000
a 1 3 10000
a 1 2 10000
a 2 65 212
a 2 24 737
a 2 52 173
a 2 95 427
a 2 38 541
a 2 96 927
a 2 18 764
a 2 80 60
a 2 89 691
a 2 86 28
a 3 26 422
a 3 6 374
a 3 39 230
a 3 27 43
a 3 66 12
a 3 34 457
a 3 86 394
a 3 33 168
a 3 71 70
a 3 72 59
a 4 96 926
a 4 31 306
a 4 18 282
a 4 75 997
a 4 20 171
a 4 29 863
a 4 42 874
a 4 89 957
a 4 24 981
a 5 101 809
a 5 30 88
a 5 63 751
a 5 19 44
a 5 35 365
a 5 52 435
a 5 11 368
a 5 42 815
a 5 33 546
a 5 90 583
a 6 67 796
a 6 39 540
a 6 61 95
a 6 58 587
a 6 10 227
a 6 91 13
a 6 95 740
a 6 85 369
a 6 83 677
a 7 60 620
a 7 100 445
a 7 25 690
a 7 10 866
a 7 9 442
a 7 75 287
a 7 86 281
a 7 42 302
a 7 78 757
a 8 36 220
a 8 18 684
a 8 84 307
a 8 90 966
a 8 80 587
a 8 26 354
a 8 40 498
a 8 38 857
a 8 49 568
a 9 18 922
a 9 78 452
a 9 80 847
a 9 29 246
a 9 13 619
a 9 39 724
a 9 42 797
a 9 81 150
a 9 38 341
a 9 34 716
a 10 45 366
a 10 11 228
a 10 61 492
a 10 52 744
a 10 39 857
a 10 75 988
a 10 99 915
a 10 90 125
a 10 66 765
a 11 33 12
a 11 86 144
a 11 19 429
a 11 87 819
a 11 40 794
a 11 49 236
a 11 63 238
a 11 44 30
a 11 48 396
a 11 71 859
a 12 53 744
a 12 19 325
a 12 51 997
a 12 26 918
a 12 76 918
a 12 56 370
a 12 17 689
a 12 89 129
a 12 42 819
a 12 41 905
a 13 68 356
a 13 53 508
a 13 19 198
a 13 58 465
a 13 39 543
a 13 86 83
a 13 97 670
a 13 84 787
a 14 55 306
a 14 83 879
a 14 61 731
a 14 58 662
a 14 43 802
a 14 37 606
a 14 26 811
a 14 63 312
a 14 19 423
a 15 74 551
a 15 98 380
a 15 32 900
a 15 24 453
a 15 81 37
a 15 38 601
a 15 42 625
a 15 60 63
a 15 52 638
a 15 36 925
a 16 80 191
a 16 77 669
a 16 50 814
a 16 47 774
a 16 98 960
a 16 48 997
a 16 90 900
a 16 88 982
a 16 85 200
a 17 25 349
a 17 54 413
a 17 60 888
a 17 94 419
a 17 58 180
a 17 84 757
a 17 44 446
a 18 32 812
a 18 20 940
a 18 25 905
a 18 61 722
a 18 29 600
a 18 55 820
a 18 28 256
a 18 78 322
a 18 91 373
a 19 44 673
a 19 40 973
a 19 78 293
a 19 70 85
a 19 47 631
a 19 48 82
a 19 25 397
a 19 87 270
a 19 60 423
a 20 34 337
a 20 63 820
a 20 61 582
a 20 43 210
a 20 46 591
a 20 71 525
a 21 82 614
a 21 72 505
a 21 98 568
a 21 95 622
a 21 91 206
a 21 101 994
a 21 26 885
a 21 77 580
a 21 54 143
a 22 65 809
a 22 44 37
a 22 29 499
a 22 25 959
a 22 67 909
a 22 82 873
a 22 49 190
a 22 77 529
a 22 84 869
a 23 53 364
a 23 92 34
a 23 70 304
a 23 91 991
a 23 78 250
a 23 57 798
a 23 27 789
a 23 72 47
a 23 77 501
a 24 82 922
a 24 100 415
a 24 77 461
a 24 50 437
a 24 78 730
a 25 28 682
a 25 82 501
a 25 74 404
a 25 76 429
a 25 53 3
a 25 54 40
a 25 30 44
a 25 86 700
a 26 54 178
a 26 42 336
a 26 66 344
a 26 61 430
a 26 62 286
a 26 78 965
a 26 86 50
a 26 65 630
a 26 74 505
a 27 71 542
a 27 95 341
a 27 77 683
a 27 99 391
a 27 66 830
a 27 28 145
a 28 38 525
a 28 52 627
a 28 46 691
a 28 89 235
a 28 71 678
a 28 90 368
a 28 61 997
a 28 55 426
a 28 98 191
a 29 56 971
a 29 76 648
a 29 30 291
a 29 42 947
a 29 88 530
a 29 35 579
a 29 98 553
a 29 44 917
a 29 87 995
a 30 86 190
a 30 45 970
a 30 43 611
a 30 58 480
a 30 88 413
a 30 62 91
a 30 82 513
a 31 98 850
a 31 70 261
a 31 65 607
a 31 52 418
a 31 73 857
a 31 87 285
a 32 91 730
a 32 78 472
a 32 51 315
a 32 50 758
a 32 92 479
a 32 38 608
a 32 70 484
a 33 91 570
a 33 67 840
a 33 59 418
a 33 72 700
a 33 52 271
a 33 93 359
a 33 34 494
a 34 97 158
a 34 66 522
a 34 82 116
a 34 57 58
a 34 98 792
a 35 66 140
a 35 90 232
a 35 76 3
a 35 73 517
a 35 57 517
a 35 67 82
a 35 87 326
a 35 83 99
a 36 49 484
a 36 99 177
a 36 58 905
a 36 55 537
a 36 75 686
a 36 41 978
a 37 98 292
a 37 74 935
a 37 88 806
a 37 65 712
a 37 49 245
a 37 82 50
a 37 95 564
a 37 97 106
a 37 45 819
a 38 61 575
a 38 44 94
a 38 57 31
a 38 53 718
a 38 94 983
a 39 53 711
a 39 54 920
a 39 83 89
a 39 93 776
a 39 66 763
a 40 84 837
a 40 94 218
a 40 78 19
a 40 76 711
a 40 87 292
a 40 58 926
a 40 73 329
a 41 75 806
a 41 46 852
a 41 72 605
a 41 100 74
a 41 97 790
a 42 63 866
a 42 92 982
a 42 82 597
a 42 49 678
a 42 46 764
a 42 93 227
a 43 76 235
a 43 86 428
a 43 55 173
a 43 62 985
a 43 99 271
a 43 80 322
a 44 59 83
a 44 95 925
a 44 92 48
a 44 75 523
a 44 85 60
a 45 86 724
a 45 89 849
a 45 100 42
a 45 50 684
a 45 78 263
a 45 81 263
a 46 94 654
a 46 68 704
a 46 82 702
a 46 101 219
a 46 69 270
a 46 71 777
a 47 82 172
a 47 56 53
a 47 68 716
a 47 54 899
a 47 76 377
a 47 55 992
a 47 81 699
a 48 49 427
a 48 88 990
a 48 58 339
a 48 73 115
a 48 65 82
a 48 59 54
a 48 55 110
a 49 100 814
a 49 72 132
a 49 82 351
a 49 81 255
a 49 73 591
a 49 97 180
a 50 66 893
a 50 84 723
a 50 71 405
a 50 54 826
a 51 60 777
a 51 67 484
a 51 58 298
a 51 86 963
a 51 84 1000
a 52 74 686
a 52 85 212
a 52 62 683
a 53 74 526
a 53 70 840
a 53 68 529
a 53 84 526
a 54 65 854
a 54 76 438
a 54 83 571
a 54 92 816
a 54 98 226
a 54 73 889
a 54 91 956
a 55 82 529
a 55 83 911
a 55 78 150
a 55 64 652
a 56 67 88
a 56 96 932
a 57 93 777
a 57 99 196
a 57 75 185
a 58 67 1
a 58 87 446
a 58 64 775
a 59 99 355
a 59 94 958
a 59 81 986
a 59 87 160
a 59 72 422
a 59 85 335
a 60 78 174
a 60 77 155
a 61 99 281
a 61 68 872
a 61 77 829
a 62 80 84
a 62 74 362
a 63 96 142
a 63 70 680
a 63 64 876
a 63 76 105
a 64 79 327
a 64 101 315
a 64 77 466
a 65 87 632
a 65 101 110
a 66 100 156
a 66 80 356
a 67 91 246
a 67 101 141
a 68 69 660
a 68 92 625
a 69 89 305
a 70 73 175
a 70 100 3
a 70 83 132
a 70 82 869
a 71 88 798
a 71 90 934
a 71 79 126
a 72 99 31
a 72 91 306
a 73 76 727
a 73 93 481
a 73 98 11
a 74 85 691
a 74 98 906
a 74 83 221
a 75 97 900
a 75 89 96
a 76 87 588
a 76 101 664
a 78 101 743
a 78 90 520
a 78 94 644
a 79 92 405
a 79 98 706
a 80 96 803
a 80 100 488
a 81 93 822
a 81 86 893
a 81 87 817
a 81 92 404
a 82 83 788
a 82 88 883
a 83 90 108
a 85 94 996
a 85 95 746
a 85 98 70
a 86 88 744
a 87 100 334
a 89 92 805
a 92 96 331
a 92 102 10000
a 93 102 10000
a 94 102 10000
a 95 96 736
a 95 97 764
a 95 102 10000
a 96 101 987
a 96 102 10000
a 97 100 932
a 97 102 10000
a 98 102 10000
a 99 102 10000
a 100 102 10000
a 101 102 10000
