c Double Exponential Line
c 10 x 10 vertices, degree 10, range [0,1000]
p max 102 515
n 1 s
n 102 t
a 1 11 10000
a 1 10 10000
a 1 9 10000
a 1 8 10000
a 1 7 10000
a 1 6 10000
a 1 5 10000
a 1 4 10000
a 1 3 10000
a 1 2 10000
a 2 7 897764
a 2 31 20060
a 2 57 24941
a 2 86 2246
a 2 49 14863
a 3 89 392
a 3 70 4113
a 3 101 468
a 4 34 44920
a 4 58 15672
a 4 84 6634
a 4 33 176230
a 4 65 9293
a 4 64 18762
a 5 18 499171
a 5 11 806863
a 5 67 7499
a 6 42 100546
a 6 13 819583
a 6 8 353896
a 6 29 116125
a 6 72 3983
a 6 18 161314
a 7 48 49900
a 7 85 3411
a 7 18 205404
a 7 21 393585
a 7 2 502652
a 8 24 460379
a 8 13 651435
a 8 38 230571
a 8 29 140796
a 9 67 23440
a 9 59 16366
a 9 22 209442
a 9 44 99287
a 10 2 254587
a 10 101 1651
a 10 18 179498
a 10 51 27857
a 10 70 17068
a 10 38 198928
a 10 73 11335
a 11 21 226341
a 11 73 2341
a 11 66 22209
a 11 44 113369
a 11 3 258271
a 12 37 165194
a 12 18 792351
a 12 29 469842
a 12 79 13229
a 12 7 537765
a 12 56 34989
a 13 44 77552
a 13 101 1571
a 13 38 31937
a 13 67 22360
a 13 65 23366
a 14 84 3319
a 14 37 73794
a 14 23 908236
a 15 42 235129
a 15 41 94819
a 15 14 2905
a 15 5 436841
a 15 19 118607
a 16 62 10645
a 16 51 81726
a 16 84 2273
a 16 11 295500
a 17 85 10055
a 17 94 2080
a 17 8 439508
a 18 61 9302
a 18 16 267606
a 18 31 113811
a 18 97 2088
a 19 47 223417
a 19 71 24209
a 20 12 903882
a 20 13 487132
a 20 52 25974
a 20 24 290072
a 20 25 947469
a 20 96 5555
a 20 4 419380
a 21 52 77927
a 21 45 181096
a 21 42 187191
a 21 94 2341
a 21 9 272814
a 21 18 713774
a 22 12 103349
a 22 90 11288
a 22 75 19388
a 22 80 12169
a 23 68 44600
a 23 78 21070
a 23 52 151256
a 23 36 75322
a 23 83 11123
a 24 5 117270
a 24 69 39923
a 24 15 289225
a 24 61 13921
a 24 8 496659
a 25 78 12293
a 25 49 56641
a 25 30 739300
a 25 38 241223
a 26 83 21020
a 26 64 35380
a 26 72 30505
a 26 3 245995
a 26 48 121156
a 26 39 437733
a 27 33 262755
a 27 55 51962
a 27 45 190614
a 27 15 462505
a 27 72 54568
a 27 17 367622
a 28 84 18809
a 28 27 448037
a 28 80 22999
a 28 71 37459
a 28 16 449909
a 28 25 608873
a 28 100 3734
a 28 18 289529
a 29 97 7679
a 29 13 86991
a 29 37 66250
a 29 65 49798
a 29 88 5039
a 29 18 238047
a 29 53 14501
a 30 54 145437
a 30 63 78730
a 30 17 149158
a 30 81 21689
a 31 19 301040
a 31 11 71044
a 31 56 108700
a 31 25 697698
a 31 89 4795
a 31 63 58903
a 32 14 2216
a 32 69 46693
a 32 28 104340
a 32 13 32135
a 33 17 416950
a 33 18 407972
a 33 94 10239
a 33 86 15401
a 34 99 2358
a 34 48 453827
a 34 11 570
a 34 75 53542
a 34 27 655341
a 35 97 5865
a 35 85 38558
a 35 55 264525
a 35 34 631627
a 35 81 43191
a 35 94 4235
a 35 16 214678
a 35 91 25118
a 35 18 118997
a 36 70 52648
a 36 51 32291
a 36 10 28947
a 36 8 143530
a 36 97 13079
a 37 87 14413
a 37 5 95091
a 37 15 193513
a 37 30 788356
a 38 22 290418
a 38 97 25607
a 38 39 27285
a 38 90 19021
a 38 42 524567
a 38 18 248339
a 38 34 77889
a 39 10 92638
a 39 37 710874
a 39 60 228459
a 39 3 61874
a 40 43 633075
a 40 82 23889
a 40 63 58026
a 40 57 89439
a 40 36 723619
a 41 90 38174
a 41 58 228795
a 41 98 30123
a 41 87 43364
a 42 43 462952
a 42 69 151948
a 42 37 631492
a 42 78 13575
a 42 27 296158
a 43 13 82339
a 43 62 285405
a 43 47 261797
a 43 57 246140
a 43 83 122232
a 43 38 33003
a 43 87 28517
a 44 101 16108
a 44 16 199760
a 44 50 279208
a 44 46 433484
a 44 94 11677
a 44 98 18655
a 45 85 88712
a 45 40 421245
a 45 84 115050
a 46 42 593094
a 46 39 124031
a 46 29 326718
a 46 54 876983
a 46 55 844823
a 46 50 376883
a 47 93 37263
a 47 67 138378
a 48 37 166329
a 48 70 122574
a 48 10 48944
a 48 20 55154
a 48 73 245692
a 49 35 372662
a 49 86 73572
a 49 37 214905
a 49 90 3131
a 50 90 80968
a 50 20 96121
a 50 18 62950
a 50 91 39640
a 50 4 19696
a 50 19 14007
a 50 100 46986
a 51 56 627322
a 51 28 22380
a 51 20 120197
a 51 29 72533
a 51 83 66343
a 51 47 359212
a 52 28 153715
a 52 2 574
a 52 93 44531
a 52 83 91951
a 52 65 401064
a 52 23 120348
a 53 97 641
a 53 92 70487
a 53 37 411899
a 54 99 28672
a 54 45 102748
a 54 100 34366
a 54 62 937458
a 54 19 85822
a 54 93 52336
a 54 84 204155
a 55 87 117699
a 55 36 15335
a 55 53 121309
a 55 8 61221
a 55 40 15798
a 55 81 112807
a 55 46 47085
a 56 66 178225
a 56 54 709017
a 57 28 26788
a 57 29 75224
a 57 41 285148
a 57 38 28068
a 57 45 59427
a 58 52 199182
a 58 49 381495
a 58 31 217858
a 58 32 223814
a 59 31 149135
a 59 20 27533
a 59 63 230298
a 59 75 50552
a 59 30 46893
a 59 49 138723
a 59 44 265405
a 60 71 223383
a 60 38 139933
a 60 96 117588
a 60 35 191310
a 60 72 68978
a 60 12 17655
a 60 95 100777
a 61 57 754117
a 61 16 26477
a 61 80 197315
a 61 91 44584
a 62 72 170338
a 62 75 247644
a 63 74 311784
a 63 37 107723
a 63 62 460009
a 63 57 220854
a 64 93 86611
a 64 15 23139
a 64 39 228399
a 64 75 430640
a 64 66 140529
a 65 72 491299
a 65 47 89369
a 65 80 392736
a 65 77 72642
a 65 55 377018
a 65 31 80953
a 65 88 198567
a 65 18 25658
a 66 10 25196
a 66 81 250775
a 66 24 39673
a 66 82 372556
a 66 29 72198
a 66 23 47279
a 67 8 10611
a 67 64 548160
a 67 17 25922
a 67 92 237335
a 67 13 22958
a 68 54 339852
a 68 69 486507
a 68 38 24016
a 68 88 301174
a 68 59 165155
a 68 63 76218
a 69 39 107281
a 70 40 64301
a 70 33 99113
a 70 51 41352
a 70 95 113084
a 70 74 907362
a 71 100 40637
a 71 24 47470
a 71 80 292539
a 71 7 7163
a 71 73 706142
a 72 4 12290
a 72 41 49394
a 72 52 32622
a 72 93 70153
a 72 38 76536
a 72 12 14470
a 72 97 96040
a 72 70 660184
a 72 65 611791
a 73 56 157794
a 73 89 165156
a 73 101 99356
a 73 43 119950
a 73 38 103199
a 74 91 150324
a 74 62 433991
a 74 92 72762
a 74 80 22182
a 75 53 224977
a 75 55 91552
a 75 28 13739
a 75 79 293470
a 75 93 225845
a 76 74 788968
a 77 8 1352
a 77 90 192378
a 77 39 51184
a 77 95 5217
a 78 13 12931
a 78 83 385949
a 78 49 93486
a 78 90 425394
a 78 16 3231
a 78 75 775475
a 78 93 471727
a 79 83 628790
a 79 78 27584
a 79 10 615
a 79 47 123481
a 79 49 93011
a 79 86 718903
a 80 60 188271
a 80 10 3463
a 80 38 4392
a 80 51 49614
a 81 95 300031
a 81 51 117374
a 81 41 30711
a 81 56 229970
a 81 20 8233
a 81 38 14887
a 81 55 10570
a 81 35 61655
a 82 29 19916
a 82 41 43850
a 82 53 22516
a 82 42 62087
a 82 23 2956
a 82 89 551743
a 83 36 10140
a 83 55 103125
a 83 93 890245
a 83 90 495355
a 83 34 5493
a 83 13 2860
a 84 86 100670
a 84 59 240854
a 84 36 3588
a 84 12 7164
a 84 26 29820
a 84 67 492735
a 84 28 21686
a 85 26 4205
a 85 76 402558
a 85 4 416
a 86 100 273379
a 86 84 834448
a 87 66 96093
a 87 81 277108
a 87 47 6007
a 87 79 163037
a 87 13 6103
a 87 35 29449
a 88 45 23818
a 88 27 5735
a 88 60 82934
a 89 75 180560
a 89 37 23570
a 89 50 8796
a 89 39 1172
a 89 64 117423
a 90 93 255813
a 90 19 2887
a 90 10 305
a 91 76 482438
a 91 18 3180
a 91 90 79343
a 91 80 286142
a 91 46 27616
a 92 60 26226
a 92 65 148139
a 92 81 434684
a 92 52 39847
a 92 102 10000
a 93 55 68112
a 93 65 173340
a 93 39 24697
a 93 38 22973
a 93 3 43
a 93 102 10000
a 94 28 10758
a 94 60 92014
a 94 23 1451
a 94 102 10000
a 95 87 714938
a 95 9 838
a 95 33 2358
a 95 22 5195
a 95 62 84296
a 95 102 10000
a 96 39 2607
a 96 49 14874
a 96 55 6305
a 96 68 5736
a 96 76 112764
a 96 97 22940
a 96 102 10000
a 97 40 13342
a 97 65 11080
a 97 72 188303
a 97 36 3126
a 97 102 10000
a 98 49 17519
a 98 5 1022
a 98 32 9457
a 98 7 285
a 98 60 84820
a 98 102 10000
a 99 56 24011
a 99 6 72
a 99 96 754099
a 99 8 106
a 99 78 58753
a 99 20 123
a 99 102 10000
a 100 73 90517
a 100 66 122273
a 100 102 10000
a 101 86 202907
a 101 51 26362
a 101 69 29155
a 101 79 210050
a 101 94 48499
a 101 85 18108
a 101 16 1008
a 101 102 10000
