c Exponential Line
c 10 x 10 vertices, degree 10, range [0,1000]
p max 102 499
n 1 s
n 102 t
a 1 11 10000
a 1 10 10000
a 1 9 10000
a 1 8 10000
a 1 7 10000
a 1 6 10000
a 1 5 10000
a 1 4 10000
a 1 3 10000
a 1 2 10000
a 2 65 5212
a 2 24 205737
a 2 52 26673
a 2 95 1549
a 2 38 55541
a 2 96 1184
a 2 18 397764
a 2 80 4688
a 2 89 861
a 2 86 2246
a 3 26 234422
a 3 6 377374
a 3 39 51230
a 3 27 228043
a 3 66 3137
a 3 34 18457
a 3 86 1892
a 3 33 148168
a 3 71 8070
a 3 72 4309
a 4 96 1603
a 4 31 202306
a 4 18 497282
a 4 75 1157
a 4 20 499171
a 4 29 56863
a 4 42 116874
a 4 89 3411
a 4 24 268981
a 5 101 403
a 5 30 171088
a 5 63 1251
a 5 19 344044
a 5 35 240365
a 5 52 15435
a 5 11 233368
a 5 42 23815
a 5 33 100546
a 5 90 829
a 6 67 171
a 6 39 47540
a 6 61 4345
a 6 58 11087
a 6 10 636227
a 6 91 1073
a 6 95 344
a 6 85 2017
a 6 83 7209
a 7 60 2870
a 7 100 1757
a 7 25 429690
a 7 10 953866
a 7 9 209442
a 7 75 5537
a 7 86 5421
a 7 42 122302
a 7 78 6141
a 8 36 156220
a 8 18 964684
a 8 84 3803
a 8 90 2598
a 8 80 2095
a 8 26 372354
a 8 40 54498
a 8 38 27857
a 8 49 17068
a 9 18 892922
a 9 78 9077
a 9 80 7455
a 9 29 2246
a 9 13 142619
a 9 39 200724
a 9 42 122797
a 9 81 5386
a 9 38 226341
a 9 34 236716
a 10 45 23366
a 10 11 322228
a 10 61 2742
a 10 52 61244
a 10 39 25857
a 10 75 15113
a 10 99 2825
a 10 90 3841
a 10 66 25265
a 11 33 231012
a 11 86 4108
a 11 19 894429
a 11 87 375
a 11 40 73794
a 11 49 33236
a 11 63 4988
a 11 44 36030
a 11 48 44396
a 11 71 109
a 12 53 50244
a 12 19 43325
a 12 51 91997
a 12 26 69918
a 12 76 5418
a 12 56 47370
a 12 17 670689
a 12 89 4117
a 12 42 94819
a 12 41 2905
a 13 68 9356
a 13 53 64508
a 13 19 110198
a 13 58 13465
a 13 39 58543
a 13 86 1623
a 13 97 2308
a 13 84 4355
a 14 55 61306
a 14 83 13629
a 14 61 36231
a 14 58 50662
a 14 43 71802
a 14 37 17606
a 14 26 113811
a 14 63 23312
a 14 19 755423
a 15 74 20551
a 15 98 3184
a 15 32 411900
a 15 24 433453
a 15 81 787
a 15 38 212601
a 15 42 55625
a 15 60 4563
a 15 52 42638
a 15 36 162925
a 16 80 15316
a 16 77 5294
a 16 50 22814
a 16 47 88774
a 16 98 1642
a 16 48 2997
a 16 90 5592
a 16 88 6474
a 16 85 950
a 17 25 103349
a 17 54 89413
a 17 60 19388
a 17 94 1723
a 17 58 44180
a 17 84 1007
a 17 44 17446
a 18 32 439812
a 18 20 955940
a 18 25 229905
a 18 61 17722
a 18 29 44600
a 18 55 114820
a 18 28 401256
a 18 78 12822
a 18 91 2569
a 19 44 207673
a 19 40 61973
a 19 78 23043
a 19 70 21335
a 19 47 145631
a 19 48 54082
a 19 25 821397
a 19 87 7895
a 19 60 39923
a 20 34 499337
a 20 63 38820
a 20 61 46082
a 20 43 188210
a 20 46 192591
a 20 71 30525
a 21 82 3114
a 21 72 25005
a 21 98 2516
a 21 95 5982
a 21 91 4456
a 21 101 2894
a 21 26 445885
a 21 77 13080
a 21 54 98143
a 22 65 18809
a 22 44 198037
a 22 29 210499
a 22 25 849959
a 22 67 12409
a 22 82 15123
a 22 49 235190
a 22 77 8279
a 22 84 244
a 23 53 5364
a 23 92 3034
a 23 70 23304
a 23 91 8866
a 23 78 3750
a 23 57 49798
a 23 27 473789
a 23 72 50547
a 23 77 14501
a 24 82 12672
a 24 100 7515
a 24 77 1211
a 24 50 145437
a 24 78 16230
a 25 28 682
a 25 82 19501
a 25 74 56404
a 25 76 27929
a 25 53 132003
a 25 54 51040
a 25 30 571044
a 25 86 14950
a 26 54 153178
a 26 42 76336
a 26 66 120344
a 26 61 11430
a 26 62 48286
a 26 78 28465
a 26 86 28800
a 26 65 5630
a 26 74 33005
a 27 71 53542
a 27 95 14716
a 27 77 24183
a 27 99 5771
a 27 66 102830
a 27 28 53145
a 28 38 764525
a 28 52 131627
a 28 46 230691
a 28 89 4235
a 28 71 27178
a 28 90 9493
a 28 61 118997
a 28 55 245426
a 28 98 12566
a 29 56 6971
a 29 76 52648
a 29 30 532291
a 29 42 28947
a 29 88 18530
a 29 35 325579
a 29 98 9678
a 29 44 204917
a 29 87 9995
a 30 86 28690
a 30 45 358970
a 30 43 409611
a 30 58 59480
a 30 88 14413
a 30 62 95091
a 30 82 6013
a 31 98 850
a 31 70 122261
a 31 65 50607
a 31 52 40418
a 31 73 56857
a 31 87 27285
a 32 91 20730
a 32 78 21972
a 32 51 149315
a 32 50 272758
a 32 92 20479
a 32 38 826608
a 32 70 120484
a 33 91 25570
a 33 67 101840
a 33 59 133418
a 33 72 110700
a 33 52 50271
a 33 93 4109
a 33 34 3494
a 34 97 14908
a 34 66 16522
a 34 82 42616
a 34 57 205058
a 34 98 11417
a 35 66 121140
a 35 90 28482
a 35 76 33003
a 35 73 28517
a 35 57 187517
a 35 67 116082
a 35 87 4076
a 35 83 54099
a 36 49 433484
a 36 99 11677
a 36 58 49905
a 36 55 31537
a 36 75 67686
a 36 41 894978
a 37 98 792
a 37 74 19935
a 37 88 10556
a 37 65 88712
a 37 49 421245
a 37 82 52550
a 37 95 29314
a 37 97 18856
a 37 45 367819
a 38 61 61575
a 38 44 593094
a 38 57 124031
a 38 53 326718
a 38 94 1983
a 39 53 435711
a 39 54 32920
a 39 83 39589
a 39 93 9526
a 39 66 224763
a 40 84 24337
a 40 94 27218
a 40 78 19019
a 40 76 56711
a 40 87 11792
a 40 58 300926
a 40 73 41329
a 41 75 44806
a 41 46 756852
a 41 72 97605
a 41 100 19324
a 41 97 23540
a 42 63 240866
a 42 92 26482
a 42 82 40597
a 42 49 387678
a 42 46 686764
a 42 93 5227
a 43 76 94235
a 43 86 44428
a 43 55 384173
a 43 62 494985
a 43 99 14521
a 43 80 2322
a 44 59 445083
a 44 95 1925
a 44 92 9048
a 44 75 57523
a 44 85 11060
a 45 86 16724
a 45 89 39849
a 45 100 29792
a 45 50 989684
a 45 78 54263
a 45 81 263
a 46 94 39654
a 46 68 121704
a 46 82 63702
a 46 101 6469
a 46 69 160270
a 46 71 61777
a 47 82 75172
a 47 56 801053
a 47 68 2716
a 47 54 798899
a 47 76 76377
a 47 55 110992
a 47 81 117699
a 48 49 59427
a 48 88 30990
a 48 58 671339
a 48 73 239115
a 48 65 455082
a 48 59 445054
a 48 55 58110
a 49 100 5064
a 49 72 61132
a 49 82 90351
a 49 81 77255
a 49 73 76591
a 49 97 15180
a 50 66 296893
a 50 84 13723
a 50 71 15405
a 50 54 768826
a 51 60 475777
a 51 67 187484
a 51 58 112298
a 51 86 1963
a 51 84 110000
a 52 74 27686
a 52 85 34212
a 52 62 903683
a 53 74 147526
a 53 70 38840
a 53 68 395529
a 53 84 37526
a 54 65 220854
a 54 76 43438
a 54 83 24571
a 54 92 51816
a 54 98 9226
a 54 73 370889
a 54 91 42956
a 55 82 140529
a 55 83 60911
a 55 78 33150
a 55 64 726652
a 56 67 126088
a 56 96 41932
a 57 93 71777
a 57 99 15696
a 57 75 418185
a 58 67 305001
a 58 87 56446
a 58 64 250775
a 59 99 1355
a 59 94 22958
a 59 81 244986
a 59 87 48160
a 59 72 88422
a 59 85 237335
a 60 78 301174
a 60 77 165155
a 61 99 107281
a 61 68 360872
a 61 77 28829
a 62 80 113084
a 62 74 407362
a 63 96 81142
a 63 70 273680
a 63 64 39876
a 63 76 136105
a 64 79 422327
a 64 101 119315
a 64 77 304466
a 65 87 9632
a 65 101 25110
a 66 100 40156
a 66 80 99356
a 67 91 243246
a 67 101 40141
a 68 69 42660
a 68 92 235625
a 69 89 19305
a 70 73 683175
a 70 100 215003
a 70 83 88132
a 70 82 256869
a 71 88 366798
a 71 90 213934
a 71 79 276126
a 72 99 200031
a 72 91 372306
a 73 76 992727
a 73 93 373481
a 73 98 93011
a 74 85 77691
a 74 98 35906
a 74 83 124221
a 75 97 13900
a 75 89 209096
a 76 87 432588
a 76 101 109664
a 78 101 36743
a 78 90 381520
a 78 94 339644
a 79 92 5405
a 79 98 58706
a 80 96 474803
a 80 100 416488
a 81 93 300822
a 81 86 321893
a 81 87 418817
a 81 92 123404
a 82 83 23788
a 82 88 574883
a 83 90 277108
a 85 94 712996
a 85 95 201746
a 85 98 217070
a 86 88 251744
a 87 100 453334
a 89 92 511805
a 92 96 407331
a 92 102 10000
a 93 102 10000
a 94 102 10000
a 95 96 505736
a 95 97 612764
a 95 102 10000
a 96 101 291987
a 96 102 10000
a 97 100 621932
a 97 102 10000
a 98 102 10000
a 99 102 10000
a 100 102 10000
a 101 102 10000
