c Random Leveled Graph
c 10 Rows, 10 columns, capacities in range [0, 1000]
p max 102 290
n 1 s
n 102 t
a 1 11 3000
a 1 10 3000
a 1 9 3000
a 1 8 3000
a 1 7 3000
a 1 6 3000
a 1 5 3000
a 1 4 3000
a 1 3 3000
a 1 2 3000
a 2 19 336
a 2 18 794
a 2 15 916
a 3 21 28
a 3 14 363
a 3 18 422
a 4 15 427
a 4 21 541
a 4 12 927
a 5 13 430
a 5 18 568
a 5 14 369
a 6 15 930
a 6 12 136
a 6 14 68
a 7 21 457
a 7 20 394
a 7 14 168
a 8 21 920
a 8 14 422
a 8 13 374
a 9 20 371
a 9 19 316
a 9 16 325
a 10 13 874
a 10 18 957
a 10 15 981
a 11 18 926
a 11 12 306
a 11 14 282
a 12 28 730
a 12 29 847
a 12 26 506
a 13 26 546
a 13 29 583
a 13 25 896
a 14 25 809
a 14 29 88
a 14 26 751
a 15 26 755
a 15 30 652
a 15 28 404
a 16 22 740
a 16 24 369
a 16 31 677
a 17 26 571
a 17 28 796
a 17 24 540
a 18 29 903
a 18 30 98
a 18 26 602
a 19 28 287
a 19 24 281
a 19 29 302
a 20 31 441
a 20 27 620
a 20 23 445
a 21 29 482
a 21 23 772
a 21 31 98
a 22 39 498
a 22 41 857
a 22 37 568
a 23 37 220
a 23 38 684
a 23 35 307
a 24 33 504
a 24 40 830
a 24 36 733
a 25 40 341
a 25 32 716
a 25 41 709
a 26 35 847
a 26 38 246
a 26 41 619
a 27 41 229
a 27 37 765
a 27 33 489
a 28 35 765
a 28 32 35
a 28 33 501
a 29 38 228
a 29 39 492
a 29 36 744
a 30 38 438
a 30 41 552
a 30 37 433
a 31 39 859
a 31 37 122
a 31 40 475
a 32 49 819
a 32 51 794
a 32 47 236
a 33 43 777
a 33 45 530
a 33 50 929
a 34 50 905
a 34 45 841
a 34 46 607
a 35 49 325
a 35 51 997
a 35 50 918
a 36 51 645
a 36 42 726
a 36 45 773
a 37 51 670
a 37 47 787
a 37 42 955
a 38 49 805
a 38 46 356
a 38 44 508
a 39 44 344
a 39 43 300
a 39 50 829
a 40 42 811
a 40 50 312
a 40 48 423
a 41 42 321
a 41 43 306
a 41 47 879
a 42 54 417
a 42 56 709
a 42 58 466
a 43 56 625
a 43 60 63
a 43 54 638
a 44 54 551
a 44 58 380
a 44 52 900
a 45 55 931
a 45 53 882
a 45 60 132
a 46 52 982
a 46 56 200
a 46 55 164
a 47 55 191
a 47 58 669
a 47 61 814
a 48 56 685
a 48 58 91
a 48 57 341
a 49 59 180
a 49 54 757
a 49 58 446
a 50 54 660
a 50 59 173
a 50 60 349
a 51 52 207
a 51 58 588
a 51 61 343
a 52 64 820
a 52 65 256
a 52 63 322
a 53 66 941
a 53 63 812
a 53 71 940
a 54 70 985
a 54 67 151
a 54 69 128
a 55 66 397
a 55 62 270
a 55 70 423
a 56 66 673
a 56 62 973
a 56 63 293
a 57 64 43
a 57 67 641
a 57 62 300
a 58 62 210
a 58 65 591
a 58 70 525
a 59 68 995
a 59 71 156
a 59 63 733
a 60 65 256
a 60 71 851
a 60 66 777
a 61 71 206
a 61 64 994
a 61 62 885
a 62 76 755
a 62 79 962
a 62 73 614
a 63 76 507
a 63 81 203
a 63 78 203
a 64 74 190
a 64 73 529
a 64 76 869
a 65 78 249
a 65 80 754
a 65 74 809
a 66 72 747
a 66 80 568
a 66 75 755
a 67 72 798
a 67 81 789
a 67 80 47
a 68 75 498
a 68 72 364
a 68 81 34
a 69 78 997
a 69 74 153
a 69 75 126
a 70 79 461
a 70 80 437
a 70 77 730
a 71 72 28
a 71 73 29
a 71 76 305
a 72 88 698
a 72 90 795
a 72 82 903
a 73 84 501
a 73 85 404
a 73 91 429
a 74 90 536
a 74 89 152
a 74 83 160
a 75 84 505
a 75 91 128
a 75 86 216
a 76 87 336
a 76 86 344
a 76 91 430
a 77 90 290
a 77 82 950
a 77 89 972
a 78 84 145
a 78 90 744
a 78 89 796
a 79 84 570
a 79 82 542
a 79 91 341
a 80 83 118
a 80 84 361
a 80 88 43
a 81 91 997
a 81 83 426
a 81 85 191
a 82 92 58
a 82 96 525
a 82 99 627
a 83 97 387
a 83 100 313
a 83 96 359
a 84 96 579
a 84 98 553
a 84 92 917
a 85 92 52
a 85 98 971
a 85 101 648
a 86 95 313
a 86 93 628
a 86 92 858
a 87 97 413
a 87 96 91
a 87 98 513
a 88 96 621
a 88 92 642
a 88 101 356
a 89 100 771
a 89 99 567
a 89 95 339
a 90 99 850
a 90 98 261
a 90 96 607
a 91 101 946
a 91 97 519
a 91 99 218
a 92 102 3000
a 93 102 3000
a 94 102 3000
a 95 102 3000
a 96 102 3000
a 97 102 3000
a 98 102 3000
a 99 102 3000
a 100 102 3000
a 101 102 3000
