c Square Mesh
c 10 x 10 vertices, 10 degree, range [0,1000]
p max 102 875
n 1 s
n 102 t
a 1 11 3000
a 1 10 3000
a 1 9 3000
a 1 8 3000
a 1 7 3000
a 1 6 3000
a 1 5 3000
a 1 4 3000
a 1 3 3000
a 1 2 3000
a 2 21 422
a 2 20 650
a 2 19 493
a 2 18 387
a 2 17 336
a 2 16 794
a 2 15 916
a 2 14 778
a 2 13 887
a 2 12 384
a 3 22 737
a 3 21 173
a 3 20 427
a 3 19 541
a 3 18 927
a 3 17 764
a 3 16 60
a 3 15 691
a 3 14 28
a 3 13 363
a 4 23 136
a 4 22 68
a 4 21 124
a 4 20 863
a 4 19 531
a 4 18 783
a 4 17 430
a 4 16 568
a 4 15 369
a 4 14 212
a 5 24 43
a 5 23 12
a 5 22 457
a 5 21 394
a 5 20 168
a 5 19 70
a 5 18 59
a 5 17 23
a 5 16 803
a 5 15 930
a 6 25 371
a 6 24 316
a 6 23 325
a 6 22 199
a 6 21 538
a 6 20 785
a 6 19 920
a 6 18 422
a 6 17 374
a 6 16 230
a 7 26 282
a 7 25 997
a 7 24 171
a 7 23 863
a 7 22 874
a 7 21 957
a 7 20 981
a 7 19 92
a 7 18 527
a 7 17 414
a 8 27 858
a 8 26 314
a 8 25 730
a 8 24 847
a 8 23 506
a 8 22 337
a 8 21 328
a 8 20 85
a 8 19 926
a 8 18 306
a 9 28 751
a 9 27 44
a 9 26 365
a 9 25 435
a 9 24 368
a 9 23 815
a 9 22 546
a 9 21 583
a 9 20 896
a 9 19 125
a 10 29 400
a 10 28 755
a 10 27 652
a 10 26 404
a 10 25 585
a 10 24 789
a 10 23 179
a 10 22 277
a 10 21 809
a 10 20 88
a 11 30 540
a 11 29 95
a 11 28 587
a 11 27 227
a 11 26 13
a 11 25 740
a 11 24 369
a 11 23 677
a 11 22 61
a 11 21 933
a 12 31 493
a 12 30 318
a 12 29 903
a 12 28 98
a 12 27 602
a 12 26 468
a 12 25 379
a 12 24 435
a 12 23 571
a 12 22 796
a 13 32 620
a 13 31 445
a 13 30 690
a 13 29 866
a 13 28 442
a 13 27 287
a 13 26 281
a 13 25 302
a 13 24 757
a 13 23 653
a 14 33 928
a 14 32 710
a 14 31 676
a 14 30 482
a 14 29 772
a 14 28 98
a 14 27 118
a 14 26 32
a 14 25 730
a 14 24 441
a 15 34 625
a 15 33 220
a 15 32 684
a 15 31 307
a 15 30 966
a 15 29 587
a 15 28 354
a 15 27 498
a 15 26 857
a 15 25 568
a 16 35 716
a 16 34 709
a 16 33 369
a 16 32 271
a 16 31 20
a 16 30 504
a 16 29 830
a 16 28 733
a 16 27 872
a 16 26 529
a 17 36 556
a 17 35 922
a 17 34 452
a 17 33 847
a 17 32 246
a 17 31 619
a 17 30 724
a 17 29 797
a 17 28 150
a 17 27 341
a 18 37 765
a 18 36 35
a 18 35 501
a 18 34 194
a 18 33 351
a 18 32 842
a 18 31 229
a 18 30 765
a 18 29 489
a 18 28 380
a 19 38 937
a 19 37 860
a 19 36 366
a 19 35 228
a 19 34 492
a 19 33 744
a 19 32 857
a 19 31 988
a 19 30 915
a 19 29 125
a 20 39 396
a 20 38 859
a 20 37 122
a 20 36 475
a 20 35 408
a 20 34 276
a 20 33 229
a 20 32 438
a 20 31 552
a 20 30 433
a 21 40 530
a 21 39 929
a 21 38 12
a 21 37 144
a 21 36 429
a 21 35 819
a 21 34 794
a 21 33 236
a 21 32 238
a 21 31 30
a 22 41 819
a 22 40 905
a 22 39 841
a 22 38 607
a 22 37 539
a 22 36 614
a 22 35 764
a 22 34 444
a 22 33 405
a 22 32 777
a 23 42 184
a 23 41 471
a 23 40 744
a 23 39 325
a 23 38 997
a 23 37 918
a 23 36 918
a 23 35 370
a 23 34 689
a 23 33 129
a 24 43 787
a 24 42 955
a 24 41 140
a 24 40 506
a 24 39 591
a 24 38 645
a 24 37 726
a 24 36 773
a 24 35 500
a 24 34 491
a 25 44 612
a 25 43 349
a 25 42 805
a 25 41 356
a 25 40 508
a 25 39 198
a 25 38 465
a 25 37 543
a 25 36 83
a 25 35 670
a 26 45 811
a 26 44 312
a 26 43 423
a 26 42 341
a 26 41 569
a 26 40 747
a 26 39 344
a 26 38 300
a 26 37 829
a 26 36 623
a 27 46 627
a 27 45 445
a 27 44 737
a 27 43 321
a 27 42 306
a 27 41 879
a 27 40 731
a 27 39 662
a 27 38 802
a 27 37 606
a 28 47 625
a 28 46 63
a 28 45 638
a 28 44 925
a 28 43 259
a 28 42 283
a 28 41 417
a 28 40 709
a 28 39 466
a 28 38 523
a 29 48 132
a 29 47 974
a 29 46 72
a 29 45 469
a 29 44 551
a 29 43 380
a 29 42 900
a 29 41 453
a 29 40 37
a 29 39 601
a 30 49 997
a 30 48 900
a 30 47 982
a 30 46 200
a 30 45 164
a 30 44 661
a 30 43 895
a 30 42 934
a 30 41 931
a 30 40 882
a 31 50 341
a 31 49 85
a 31 48 467
a 31 47 927
a 31 46 96
a 31 45 191
a 31 44 669
a 31 43 814
a 31 42 774
a 31 41 960
a 32 51 419
a 32 50 180
a 32 49 757
a 32 48 446
a 32 47 108
a 32 46 937
a 32 45 543
a 32 44 377
a 32 43 685
a 32 42 91
a 33 52 588
a 33 51 343
a 33 50 211
a 33 49 337
a 33 48 10
a 33 47 660
a 33 46 173
a 33 45 349
a 33 44 413
a 33 43 888
a 34 53 905
a 34 52 722
a 34 51 600
a 34 50 820
a 34 49 256
a 34 48 322
a 34 47 373
a 34 46 714
a 34 45 302
a 34 44 207
a 35 54 659
a 35 53 985
a 35 52 151
a 35 51 128
a 35 50 229
a 35 49 706
a 35 48 668
a 35 47 941
a 35 46 812
a 35 45 940
a 36 55 973
a 36 54 293
a 36 53 85
a 36 52 631
a 36 51 82
a 36 50 397
a 36 49 270
a 36 48 423
a 36 47 225
a 36 46 921
a 37 56 714
a 37 55 899
a 37 54 43
a 37 53 641
a 37 52 300
a 37 51 223
a 37 50 386
a 37 49 626
a 37 48 851
a 37 47 673
a 38 57 156
a 38 56 733
a 38 55 337
a 38 54 820
a 38 53 582
a 38 52 210
a 38 51 591
a 38 50 525
a 38 49 191
a 38 48 299
a 39 58 143
a 39 57 861
a 39 56 256
a 39 55 851
a 39 54 777
a 39 53 274
a 39 52 770
a 39 51 380
a 39 50 5
a 39 49 995
a 40 59 755
a 40 58 962
a 40 57 614
a 40 56 505
a 40 55 568
a 40 54 622
a 40 53 206
a 40 52 994
a 40 51 885
a 40 50 580
a 41 60 869
a 41 59 843
a 41 58 22
a 41 57 785
a 41 56 507
a 41 55 203
a 41 54 203
a 41 53 945
a 41 52 260
a 41 51 327
a 42 61 249
a 42 60 754
a 42 59 809
a 42 58 37
a 42 57 499
a 42 56 959
a 42 55 909
a 42 54 873
a 42 53 190
a 42 52 529
a 43 62 530
a 43 61 369
a 43 60 747
a 43 59 568
a 43 58 755
a 43 57 891
a 43 56 649
a 43 55 134
a 43 54 334
a 43 53 304
a 44 63 498
a 44 62 364
a 44 61 34
a 44 60 304
a 44 59 991
a 44 58 250
a 44 57 798
a 44 56 789
a 44 55 47
a 44 54 501
a 45 64 730
a 45 63 158
a 45 62 189
a 45 61 976
a 45 60 997
a 45 59 153
a 45 58 126
a 45 57 687
a 45 56 893
a 45 55 254
a 46 65 749
a 46 64 51
a 46 63 28
a 46 62 29
a 46 61 305
a 46 60 461
a 46 59 922
a 46 58 415
a 46 57 461
a 46 56 437
a 47 66 404
a 47 65 429
a 47 64 3
a 47 63 40
a 47 62 44
a 47 61 700
a 47 60 698
a 47 59 795
a 47 58 903
a 47 57 557
a 48 67 693
a 48 66 340
a 48 65 135
a 48 64 536
a 48 63 152
a 48 62 160
a 48 61 539
a 48 60 648
a 48 59 682
a 48 58 501
a 49 68 336
a 49 67 344
a 49 66 430
a 49 65 286
a 49 64 965
a 49 63 50
a 49 62 630
a 49 61 505
a 49 60 128
a 49 59 216
a 50 69 796
a 50 68 293
a 50 67 989
a 50 66 368
a 50 65 290
a 50 64 950
a 50 63 972
a 50 62 239
a 50 61 901
a 50 60 178
a 51 70 233
a 51 69 827
a 51 68 570
a 51 67 542
a 51 66 341
a 51 65 683
a 51 64 391
a 51 63 830
a 51 62 145
a 51 61 744
a 52 71 426
a 52 70 191
a 52 69 310
a 52 68 82
a 52 67 762
a 52 66 24
a 52 65 118
a 52 64 361
a 52 63 43
a 52 62 262
a 53 72 169
a 53 71 615
a 53 70 58
a 53 69 525
a 53 68 627
a 53 67 691
a 53 66 235
a 53 65 678
a 53 64 368
a 53 63 997
a 54 73 553
a 54 72 917
a 54 71 995
a 54 70 727
a 54 69 347
a 54 68 101
a 54 67 387
a 54 66 313
a 54 65 359
a 54 64 206
a 55 74 594
a 55 73 632
a 55 72 81
a 55 71 52
a 55 70 971
a 55 69 648
a 55 68 291
a 55 67 947
a 55 66 530
a 55 65 579
a 56 75 480
a 56 74 413
a 56 73 91
a 56 72 513
a 56 71 356
a 56 70 215
a 56 69 887
a 56 68 313
a 56 67 628
a 56 66 858
a 57 76 889
a 57 75 988
a 57 74 434
a 57 73 621
a 57 72 642
a 57 71 356
a 57 70 275
a 57 69 190
a 57 68 970
a 57 67 611
a 58 77 238
a 58 76 850
a 58 75 261
a 58 74 607
a 58 73 418
a 58 72 857
a 58 71 285
a 58 70 771
a 58 69 567
a 58 68 339
a 59 78 638
a 59 77 874
a 59 76 459
a 59 75 874
a 59 74 784
a 59 73 946
a 59 72 519
a 59 71 218
a 59 70 60
a 59 69 206
a 60 79 460
a 60 78 101
a 60 77 730
a 60 76 472
a 60 75 315
a 60 74 758
a 60 73 479
a 60 72 608
a 60 71 484
a 60 70 290
a 61 80 359
a 61 79 494
a 61 78 682
a 61 77 158
a 61 76 234
a 61 75 75
a 61 74 389
a 61 73 26
a 61 72 439
a 61 71 619
a 62 81 848
a 62 80 174
a 62 79 795
a 62 78 623
a 62 77 364
a 62 76 570
a 62 75 840
a 62 74 418
a 62 73 700
a 62 72 271
a 63 82 158
a 63 81 522
a 63 80 116
a 63 79 58
a 63 78 792
a 63 77 293
a 63 76 391
a 63 75 683
a 63 74 463
a 63 73 432
a 64 83 31
a 64 82 55
a 64 81 741
a 64 80 538
a 64 79 22
a 64 78 232
a 64 77 952
a 64 76 948
a 64 75 492
a 64 74 575
a 65 84 405
a 65 83 797
a 65 82 140
a 65 81 232
a 65 80 3
a 65 79 517
a 65 78 517
a 65 77 82
a 65 76 326
a 65 75 99
a 66 85 686
a 66 84 978
a 66 83 380
a 66 82 813
a 66 81 863
a 66 80 971
a 66 79 22
a 66 78 219
a 66 77 581
a 66 76 339
a 67 86 912
a 67 85 500
a 67 84 745
a 67 83 858
a 67 82 760
a 67 81 208
a 67 80 484
a 67 79 177
a 67 78 905
a 67 77 537
a 68 87 712
a 68 86 245
a 68 85 50
a 68 84 564
a 68 83 106
a 68 82 819
a 68 81 561
a 68 80 237
a 68 79 951
a 68 78 128
a 69 88 919
a 69 87 994
a 69 86 769
a 69 85 590
a 69 84 615
a 69 83 956
a 69 82 376
a 69 81 292
a 69 80 935
a 69 79 806
a 70 89 594
a 70 88 127
a 70 87 575
a 70 86 94
a 70 85 31
a 70 84 718
a 70 83 983
a 70 82 823
a 70 81 883
a 70 80 806
a 71 90 776
a 71 89 763
a 71 88 378
a 71 87 180
a 71 86 714
a 71 85 815
a 71 84 75
a 71 83 544
a 71 82 254
a 71 81 487
a 72 91 692
a 72 90 138
a 72 89 236
a 72 88 347
a 72 87 18
a 72 86 295
a 72 85 733
a 72 84 711
a 72 83 920
a 72 82 89
a 73 92 837
a 73 91 218
a 73 90 19
a 73 89 711
a 73 88 292
a 73 87 926
a 73 86 329
a 73 85 574
a 73 84 944
a 73 83 154
a 74 93 686
a 74 92 634
a 74 91 662
a 74 90 572
a 74 89 905
a 74 88 131
a 74 87 859
a 74 86 91
a 74 85 56
a 74 84 964
a 75 94 7
a 75 93 486
a 75 92 504
a 75 91 869
a 75 90 251
a 75 89 806
a 75 88 852
a 75 87 605
a 75 86 74
a 75 85 790
a 76 95 982
a 76 94 597
a 76 93 678
a 76 92 764
a 76 91 227
a 76 90 968
a 76 89 121
a 76 88 950
a 76 87 640
a 76 86 196
a 77 96 197
a 77 95 533
a 77 94 343
a 77 93 212
a 77 92 519
a 77 91 771
a 77 90 956
a 77 89 37
a 77 88 561
a 77 87 866
a 78 97 73
a 78 96 284
a 78 95 41
a 78 94 235
a 78 93 428
a 78 92 173
a 78 91 985
a 78 90 271
a 78 89 322
a 78 88 380
a 79 98 523
a 79 97 60
a 79 96 715
a 79 95 574
a 79 94 31
a 79 93 951
a 79 92 348
a 79 91 64
a 79 90 831
a 79 89 399
a 80 99 487
a 80 98 899
a 80 97 444
a 80 96 955
a 80 95 205
a 80 94 233
a 80 93 436
a 80 92 83
a 80 91 925
a 80 90 48
a 81 100 325
a 81 99 724
a 81 98 849
a 81 97 42
a 81 96 684
a 81 95 263
a 81 94 263
a 81 93 160
a 81 92 279
a 81 91 641
a 82 101 777
a 82 100 172
a 82 99 748
a 82 98 366
a 82 97 458
a 82 96 822
a 82 95 336
a 82 94 155
a 82 93 123
a 82 92 273
a 83 101 729
a 83 100 960
a 83 99 908
a 83 98 934
a 83 97 654
a 83 96 704
a 83 95 702
a 83 94 219
a 83 93 270
a 84 101 992
a 84 100 699
a 84 99 335
a 84 98 309
a 84 97 85
a 84 96 721
a 84 95 798
a 84 94 807
a 85 101 560
a 85 100 190
a 85 99 172
a 85 98 53
a 85 97 716
a 85 96 899
a 85 95 377
a 86 101 540
a 86 100 110
a 86 99 225
a 86 98 17
a 86 97 11
a 86 96 507
a 87 101 82
a 87 100 54
a 87 99 110
a 87 98 379
a 87 97 1
a 88 101 427
a 88 100 990
a 88 99 339
a 88 98 115
a 89 101 224
a 89 100 148
a 89 99 68
a 90 101 232
a 90 100 788
a 91 101 533
a 92 102 3000
a 93 102 3000
a 94 102 3000
a 95 102 3000
a 96 102 3000
a 97 102 3000
a 98 102 3000
a 99 102 3000
a 100 102 3000
a 101 102 3000
